1.000000000000000048e-04 -1.624089409451969557e+00
1.051249999999999928e-02 -2.805082956273962314e+00
2.092499999999999916e-02 -3.735120113904405237e+00
3.133750000000000424e-02 -4.496843006042681168e+00
4.175000000000000239e-02 -5.165038065664611544e+00
5.216250000000000053e-02 -5.652456114655942443e+00
6.257500000000000562e-02 -5.944422357716885763e+00
7.298749999999999682e-02 -6.415485591686032940e+00
8.340000000000000191e-02 -6.737945214433279872e+00
9.381250000000000699e-02 -6.926872072898800248e+00
1.042249999999999982e-01 -7.168050473568877479e+00
1.146375000000000033e-01 -7.287326164701958930e+00
1.250499999999999945e-01 -7.537564697764266519e+00
1.354624999999999857e-01 -7.668202194193781907e+00
1.458749999999999769e-01 -7.891289299308495764e+00
1.562874999999999959e-01 -8.050833143937554226e+00
1.666999999999999871e-01 -8.157302670203620210e+00
1.771124999999999783e-01 -8.604202257457984615e+00
1.875249999999999972e-01 -8.385376482825755318e+00
1.979374999999999885e-01 -8.861049336510003371e+00
2.083499999999999797e-01 -8.656273962041540315e+00
2.187624999999999986e-01 -8.795505658369441093e+00
2.291749999999999898e-01 -9.259732656006804064e+00
2.395874999999999810e-01 -9.079430082585185247e+00
