1.000000000000000048e-04 -3.965988836208501622e-01
1.051249999999999928e-02 -8.116130539491124285e-01
2.092499999999999916e-02 -1.153617805989861633e+00
3.133750000000000424e-02 -1.499991767857068892e+00
4.175000000000000239e-02 -1.834627925763831602e+00
5.216250000000000053e-02 -2.167577086347060700e+00
6.257500000000000562e-02 -2.458070273906193925e+00
7.298749999999999682e-02 -2.868015120535982287e+00
8.340000000000000191e-02 -3.027665362622564249e+00
9.381250000000000699e-02 -3.447862926210869539e+00
1.042249999999999982e-01 -3.554875542046891823e+00
1.146375000000000033e-01 -3.953766901381701171e+00
1.250499999999999945e-01 -4.262879839135567117e+00
1.354624999999999857e-01 -4.705057452546810737e+00
1.458749999999999769e-01 -4.644505292568365640e+00
1.562874999999999959e-01 -5.334332315534362046e+00
1.666999999999999871e-01 -5.806335568048518248e+00
1.771124999999999783e-01 -5.471502154041622212e+00
1.875249999999999972e-01 -5.625666967167926913e+00
1.979374999999999885e-01 -6.572247860876679226e+00
2.083499999999999797e-01 -6.098669380688892971e+00
2.187624999999999986e-01 -7.138965027269335906e+00
2.291749999999999898e-01 -6.441958360212126422e+00
2.395874999999999810e-01 -7.146299997324027764e+00
