1.000000000000000048e-04 6.277260546044236000e-02
9.679166666666667515e-03 -9.083802398120309762e-01
1.925833333333333564e-02 -1.773974304536452662e+00
2.883750000000000549e-02 -2.556930352636296977e+00
3.841666666666667534e-02 -3.300310725801718803e+00
4.799583333333334173e-02 -3.997126397559326971e+00
5.757500000000001505e-02 -4.793002734147266075e+00
6.715416666666668144e-02 -5.494380607313453346e+00
7.673333333333334783e-02 -5.952552745927941480e+00
8.631250000000001421e-02 -6.945324424422178566e+00
9.589166666666668060e-02 -7.398487259223143653e+00
1.054708333333333470e-01 -7.949292132470482386e+00
1.150500000000000272e-01 -9.355289245712667068e+00
1.437875000000000125e-01 -9.348831666518467642e+00
1.533666666666666789e-01 -9.328486784323159142e+00
1.916833333333333445e-01 -9.348831666518467642e+00
