1.000000000000000048e-04 5.015672505451843066e-02
1.051249999999999928e-02 -9.915893753974861502e-01
2.092499999999999916e-02 -1.939609225807286119e+00
3.133750000000000424e-02 -2.719163988546314137e+00
4.175000000000000239e-02 -3.368922135755141767e+00
5.216250000000000053e-02 -3.731153631825378625e+00
6.257500000000000562e-02 -2.942012583337854537e+00
7.298749999999999682e-02 -2.110454504613494375e+00
8.340000000000000191e-02 -2.856470231070759702e+00
9.381250000000000699e-02 -4.232686668835576427e+00
1.042249999999999982e-01 -3.994444681012423448e+00
1.146375000000000033e-01 -3.562564574662886674e+00
1.250499999999999945e-01 -3.230178058146462305e+00
1.354624999999999857e-01 -3.019384527418605746e+00
1.458749999999999769e-01 -3.078456193172050437e+00
1.562874999999999959e-01 -3.445396318766658528e+00
1.666999999999999871e-01 -3.695531107412932670e+00
1.771124999999999783e-01 -4.477543583972367180e+00
1.875249999999999972e-01 -4.901620412577096353e+00
1.979374999999999885e-01 -5.712496708104902510e+00
2.083499999999999797e-01 -7.624589912005183656e+00
2.187624999999999986e-01 -7.133791747135287409e+00
2.291749999999999898e-01 -7.106067942296539819e+00
2.395874999999999810e-01 -8.080896420560453208e+00
