1.000000000000000048e-04 5.714197214331381142e-02
9.679166666666667515e-03 -8.966013943981259171e-01
1.925833333333333564e-02 -1.772182039884018900e+00
2.883750000000000549e-02 -2.559440736062871924e+00
3.841666666666667534e-02 -3.416160324847339780e+00
4.799583333333334173e-02 -4.110734838642486011e+00
5.757500000000001505e-02 -4.529388333561653823e+00
6.715416666666668144e-02 -5.115561044534313595e+00
7.673333333333334783e-02 -5.912105397869684253e+00
8.631250000000001421e-02 -6.851032810686979779e+00
9.589166666666668060e-02 -7.457365282303316967e+00
1.054708333333333470e-01 -9.038518832814512294e+00
1.246291666666666936e-01 -8.358361372211019713e+00
2.108416666666666772e-01 -9.024536395314605386e+00
