1.000000000000000048e-04 -9.814016000584265334e-03
9.679166666666667515e-03 -8.612571630526847377e-01
1.925833333333333564e-02 -1.614203984100052836e+00
2.883750000000000549e-02 -2.342588868440893979e+00
3.841666666666667534e-02 -2.982808355388318233e+00
4.799583333333334173e-02 -3.553777700093054381e+00
5.757500000000001505e-02 -4.168799991976849917e+00
6.715416666666668144e-02 -4.693271564929625939e+00
7.673333333333334783e-02 -5.309340615979428080e+00
8.631250000000001421e-02 -5.685111438935234851e+00
9.589166666666668060e-02 -6.191754135368986667e+00
1.054708333333333470e-01 -6.696486150152320072e+00
1.150500000000000272e-01 -7.162696280699191398e+00
1.246291666666666936e-01 -7.478035882440459581e+00
1.342083333333333461e-01 -7.864498503371173399e+00
1.437875000000000125e-01 -7.897072131389090366e+00
1.533666666666666789e-01 -8.698139903418091734e+00
1.629458333333333453e-01 -9.305841842434631417e+00
1.725250000000000117e-01 -8.833973173077012575e+00
1.821041666666666781e-01 -1.034777537657884317e+01
1.916833333333333445e-01 -1.034945024487745968e+01
2.012625000000000108e-01 -1.108267541563185254e+01
2.108416666666666772e-01 -1.098359434795391110e+01
2.204208333333333436e-01 -1.045570250739075924e+01
