1.000000000000000048e-04 6.187213283047659357e-02
9.679166666666667515e-03 -9.056473943873767363e-01
1.925833333333333564e-02 -1.787069958357756505e+00
2.883750000000000549e-02 -2.606382701049752448e+00
3.841666666666667534e-02 -3.282772128505941467e+00
4.799583333333334173e-02 -3.985376462693537736e+00
5.757500000000001505e-02 -4.600326464785736036e+00
6.715416666666668144e-02 -4.936240576918111245e+00
7.673333333333334783e-02 -5.448674204441513069e+00
8.631250000000001421e-02 -5.811910798295926384e+00
9.589166666666668060e-02 -6.226277377792952983e+00
1.054708333333333470e-01 -6.720117291802937487e+00
1.150500000000000272e-01 -6.931263421520118762e+00
1.246291666666666936e-01 -7.035121771671028590e+00
1.342083333333333461e-01 -7.235792467133179251e+00
1.437875000000000125e-01 -7.619666310057680469e+00
1.629458333333333453e-01 -8.334404755801289255e+00
1.725250000000000117e-01 -8.739869863909452974e+00
1.821041666666666781e-01 -9.433017044469398371e+00
1.916833333333333445e-01 -9.433017044469398371e+00
2.012625000000000108e-01 -8.739869863909452974e+00
