1.000000000000000048e-04 -1.258956967410834071e+00
5.272631578947369058e-02 -2.490503179199975659e+00
1.053526315789473783e-01 -3.240912199847972630e+00
1.579789473684210521e-01 -4.109046261329735827e+00
2.106052631578947398e-01 -4.573012641483430230e+00
2.632315789473684275e-01 -5.388660882995403689e+00
3.158578947368421153e-01 -5.726988478764956092e+00
3.684842105263158030e-01 -6.197731561270932943e+00
4.211105263157894907e-01 -6.244641896536816894e+00
4.737368421052631784e-01 -6.478139037754856666e+00
5.263631578947368661e-01 -7.067092389160560373e+00
5.789894736842104983e-01 -7.521708027784896444e+00
6.316157894736842415e-01 -8.536452543206340948e+00
6.842421052631579848e-01 -8.157233270545436454e+00
7.368684210526316170e-01 -8.136373513612882746e+00
7.894947368421052492e-01 -8.296834227588819388e+00
8.421210526315789924e-01 -9.977065347130370299e+00
8.947473684210527356e-01 -8.806664920473474822e+00
