1.000000000000000048e-04 -1.735362457571742123e+00
4.262500000000000663e-03 -2.369665711698002220e+00
8.425000000000000197e-03 -2.947384079566626625e+00
1.258750000000000147e-02 -3.623968379214432378e+00
1.675000000000000100e-02 -4.185058676026472746e+00
2.091250000000000053e-02 -4.792102049424219246e+00
2.507500000000000354e-02 -5.230660246385612666e+00
2.923750000000000307e-02 -5.844616576188520263e+00
3.340000000000000607e-02 -6.247641138538448047e+00
3.756250000000000561e-02 -6.586055491514562377e+00
4.172500000000000514e-02 -7.274543219286697671e+00
4.588750000000000467e-02 -8.191535012809653793e+00
5.005000000000001115e-02 -8.205150775053594359e+00
5.421250000000001068e-02 -7.905410254428232086e+00
5.837500000000001021e-02 -8.359747044738517374e+00
6.253750000000000975e-02 -9.298552799981489869e+00
6.670000000000000928e-02 -9.292727234622816468e+00
7.086250000000000882e-02 -9.287788849460788754e+00
7.502500000000000835e-02 -9.287788849460788754e+00
